[                                                                                                                                                                                                                                                               ]
[                                                                                                                                                                                                                                                               ]
[                                                                                                                                                                                                                                                               ]
[                                                                                                                                                                                                                                                               ]
[                                                                                                                                                                                                                                                               ]
[                                                                                                                                                                                                                                                               ]
[                                                                                                                                                                                                                                                               ]
[                                                                                                                                                                                                                                                               ]
[                                                                                                                                                                                                                                                               ]
[                                                                                                                                                                                                                                                               ]
[                                                                                                                                                                                                                                                               ]
[                                                                                                                                                                                                                                                               ]
[                                                                                                                                                                                                                                                               ]
[                                                                                                                                                                                                                                                               ]
[                                                                                                                                                                                                                                                               ]
[                                                                                                                                                                                                                                                               ]
[                                                                                                                                                                                                                                                               ]
[                                                                                                                                                                                                                                                               ]
[                                                                                                                                                                                                                                                               ]
[                                                                                                                                                                                                                                                               ]
[                                                                                                                                                                                                                                                               ]
[                                                                                                                                                                                                                                                               ]
[                                                                                                                                                                                                                                                               ]
[                                                                                                                                                                                                                                                               ]
[                                                                                                                                                                                                                                                               ]
[                                                                                                                                                                                                                                                               ]
[                                                                                                                                                                                                                                                               ]
[                                                                                                                                                                                                                                                               ]
[                                                                                                                                                                                                                                                               ]
[                                                                                                                                                                                                                                                               ]
[                                                                                                                                                                                                                                                               ]
[                                                                                                                                                                                                                                                               ]
[                                                                          111101         1111111100    111100          101 1101 1111101  1111111101  11111100 1100 01   1111100  00 11101 11111101  111111100 111111101 100   11100                                                                                                           111111111                             ]
[                                                                                                                                                                                                                                                               ]
[                                                                                                                                                                                                                                                               ]
[                                                                                                                                                                                                                                                               ]
[                                                                                                                                                                                                                                                               ]
[                                                                                                                                                                                                                                                               ]
[                                                                                                                                                                                                                                                               ]
[                                                                                                                   0                                                                                                                                            ]
[                                                                                                                                                                                                                                                               ]
[                                                                                                                                                                                                                                                               ]
[                                                                                                                                                                                                                                                               ]
[                                                                                                                                                                                                                                                               ]
[                                0                                                                                                                                                                                                                               ]
[                                                                                                                                                                                                                                                               ]
[                                                                                                                                                                                                                                                               ]
[                                                                                                                                                                                                                                                               ]
[                                                                                                                                                                                                                                                               ]
[                                                                                                                                                                                                                                                               ]
[                                                                                                                                                                                                                                                               ]
[                                                                                                                                                                                                                                                               ]
[                                                                                                                                                                                                                                                               ]
[                                                                                                                                                                                                                                                               ]
[                                                                                                                                                                                                                                                               ]
[                                                                                                                                                                                                                                                               ]
[                                                                                                                                                                                                                                                               ]
[                                                                                                                                                                                                                                                               ]
[                                                                                                                                                                                                                                                               ]
[                                                                                                                                                                                                                                                               ]
[                                                                                                                                                                                                                                                               ]
[                                                                                                                                                                                                                                                               ]
[                                                                                                                                                                                                                                                               ]
[                                                                                                                                                                                                                                                               ]
[                                                                                                                                                                                                                                                               ]
[                                                                                                                                                                                                                                                               ]
[                                                                                                                                                                                                                                                               ]
[                                                                                                                                                                                                                                                               ]
[                                                                                                                                                                                                                                                               ]
[                                                                                                                                                                                                                                                               ]
[                                                                                                                                                                                                                                                               ]
[                                                                                                                                                                                                                                                               ]
[                                                                                                                                                                                                                                                               ]
[                                                                                                                                                                                                                                                               ]
[                                                                                                 0                                                                                                                                                              ]
[                                                                                                                                                                                                                                                               ]
[                                                                                                                                                                                                                                                               ]
[                                                                                                                                                                                                                                                               ]
[                                                                                                                                                                                                                                                               ]
[                                                                                                                                                                                                                                                               ]
[                                                                                                                                                                                                                                                               ]
[                                                                                                                                                                                                                                                               ]
[                                                                                                                                                                                                                                                               ]
[                                                                                                   0                                                                                                                                                            ]
[                                                                                                                  0                                                                                                                                             ]
[                                                                                                                                                                                                                                                               ]
[                                                                                                                                                                                                                                                               ]
[                                                                                                     0                                                                                                                                                          ]
[                                                                                                                                                                                                                                                               ]
[                                                                                                                                                                                                                                                               ]
[                                                                                                                                                                                                                                                               ]
[                                                                                                                                                                                                                                                               ]
[                                                                                                                                                                                                                                                               ]
[                                                                                                                                                                                                                                                               ]
[                                                                                                                                                                                                                                                               ]
[                                                                                                                                                                                                                                                               ]
[                                                                                                                                                                                                                                                               ]
[                                100                                                                  101 1100    1101  11100    00 11101  111100   01 111101  11111                                                                                                                                         ]
[                                                                                                 01        10          00      11                                                                                                                                      ]
[                                                                                                 00    01   100       101  110    111                                                                                                                                          ]
[                                0                                                                                                                                                                                                                               ]
[                                00            100  101                                                    1100  1101          11100    01 11101     1111                                                                                                                                       ]
[                                                                                                         0                                                                                                                                                      ]
[                                                                                                     0    1                                                                                                                                                      ]
[                                01                                                                 101    00    100                11                                                                                                                                      ]
[                                                                                                   100   101        01    110 00   111                                                                                                                                         ]
[                                                                                                                                                                                                                                                               ]
[                                                                                                                                                                                                                                                               ]
[                                                                                                 0                                                                                                                                                              ]
[                                                                                                     0                                                                                                                                                          ]
[                                01            100                                                     00                  101 11                                                                                                                                           ]
[                                                                                                  00            01      1                                                                                                                                           ]
[                                                                                                     00       01    10  11                                                                                                                                             ]
[                                                                                                                     0                                                                                                                                          ]
[                                       100     101                                                     00    110    111           01                                                                                                                                           ]
[                                00                                                                   1                 01                                                                                                                                           ]
[                                100                                                                 101    01   00 110           111                                                                                                                                           ]
[                                                                                                     0             1                                                                                                                                             ]
[                                                                                                     0    1                                                                                                                                                      ]
[                                                                                                        0                                                                                                                                                       ]
[                                                                                                                0                                                                                                                                               ]
[                                0                                                                                                                                                                                                                               ]
[                                                                                                                                                                                                                                                               ]
[                                                                                                                                                                                                                                                               ]
[                                                                                                                                                                                                                                                               ]
[                                                                                                                                                                                                                                                               ]
[                                                                                                                                                                                                                                                               ]
[                                                                                                                                                                                                                                                               ]
[                                                                                                                                                    0                                                                                                           ]
[                                                                                                                                                                                                                                                               ]
[                                                                                                                                                                                                                                                               ]
[                                                                                                                                                                                                                                                               ]
[                                                                                                                                                                                                                                                               ]
[                                                                                                                                                                                                                                                               ]
[                                                                                                                                                                                                                                                               ]
[                                                                                                                                                                                                                                                               ]
[                                                                                                                                                                                                                                                               ]
[                                                                                                                                                                                                                                                               ]
[                                                                                                                                                                                                                                                               ]
[                                                                                                                                                                                                                                                               ]
[                                                                                                                                                                                                                                                               ]
[                                                                                                                                                                                                                                                               ]
[                                                                                                                                                                                                                                                               ]
[                                                                                                                                                                                                                                                               ]
[                                                                                                                                                                                                                                                               ]
[                                                                                                                                                                                                                                                               ]
[                                                                                                                                                                                                                                                               ]
[                                                                                                                                                                                                                                                               ]
[                                0                                                                                                                                                                                                                               ]
[                                                                                                                                                                                                                                                               ]
[                                                                                                                                                                                                                                                               ]
[                                                                                                                                                                                                                                                               ]
[                                                                                                                                                                                                                                                               ]
[                                                                                                                                                                                                                                                               ]
[                                                                                                                                                                                                                                                               ]
[                                                                                                                                                                                                                                                               ]
[                                                                                                                                                                                                                                                               ]
[                                                                                                                                                                                                                                                               ]
[                                                                                                                                                                                                                                                               ]
[                                                                                                                                                                                                                                                               ]
[                                                                                                                                                                                                                                                               ]
[                                                                                                                                                                                                                                                               ]
[                                                                                                                                                                                                                                                               ]
[                                                                                                                                                                                                                                                               ]
[                                                                                                                                                                                                                                                               ]
[                                                                                                                                                                                                                                                               ]
[                                                                                                                                                                                                                                                               ]
[                                                                                                                                                                                                                                                               ]
[                                                                                                                                                                                                                                                               ]
[                                                                                                                                                                                                                                                               ]
[                                                                                                                                                                                                                                                               ]
[                                                                                                                                                                                                                                                               ]
[                                                                                                                                                                                                                                                               ]
[                                                                                                                                                                                                                                                               ]
[                                                                                                                                                                                                                                                               ]
[                                                                                                                                                                                                                                                               ]
[                                                                                                                                                                                                                                                               ]
[                                                                                                                                                                                                                                                               ]
[                                                                                                                                                                                                                                                               ]
[                                                                                                                                                                                                                                                               ]
[                                                                                                                                                                                                                                                               ]
[                                                                                                                                                                                                                                                               ]
[                                                                                                                                                                                                                                                               ]
[                                                                                                                                                                                                                                                               ]
[                                                                                                                                                                                                                                                               ]
[                                                                                                                                                                                                                                                               ]
[                                                                                                                                                                                                                                                               ]
[                                                                                                                                                                                                                                                               ]
[                                                                                                                                                                                                                                                               ]
[                                                                                                                                                                                                                                                               ]
[                                                                                                                                                                                                                                                               ]
[                                                                                                                                                                                                                                                               ]
[                                                                                                                                                                                                                                                               ]
[                                                                                                                                                                                                                                                               ]
[                                                                                                                                                                                                                                                               ]
[                                                                                                                                                                                                                                                               ]
[                                                                                                                                                                                                                                                               ]
[                                                                                                                                                                                                                                                               ]
[                                                                                                                                                                                                                                                               ]
[                                                                                                                                                                                                                                                               ]
[                                                                                                                                                                                                                                                               ]
[                                                                                                                                                                                                                                                               ]
[                                                                                                                                                                                                                                                               ]
[                                                                                                                                                                                                                                                               ]
[                                                                                                                                                                                                                                                               ]
[                                                                                                                                                                                                                                                               ]
[                                                                                                                                                                                                                                                               ]
[                                                                                                                                                                                                                                                               ]
[                                                                                                                                                                                                                                                               ]
[                                                                                                                                                                                                                                                               ]
[                                                                                                                                                                                                                                                               ]
[                                                                                                                                                                                                                                                               ]
[                                                                                                                                                                                                                                                               ]
[                                                                                                                                                                                                                                                               ]
[                                                                                                                                                                                                                                                               ]
[                                                                                                                                                                                                                                                               ]
[                                                                                                                                                                                                                                                               ]
[                                                                                                                                                                                                                                                               ]
[                                                                                                                                                                                                                                                               ]
[                                                                                                                                                                                                                                                               ]
[                                                                                                                                                                                                                                                               ]
[                                                                                                                                                                                                                                                               ]
[                                                                                                                                                                                                                                                               ]
[                                                                                                                                                                                                                                                               ]
[                                                                                                                                                                                                                                                               ]
[                                                                                                                                                                                                                                                               ]
[                                                                                                                                0                                                                                                                               ]
[                                                                                                                                                                                                                                                               ]
[                                                                                                                                                                                                                                                               ]
[                                                                                                                                                                                                                                                               ]
[                                                                                                                                                                                                                                                               ]
[                                                                                                                                                                                                                                                               ]
[                                                                                                                                                                                                                                                               ]
[                                                                                                                                                                                                                                                               ]
[                                                                                                                                                                                                                                                               ]
[                                                                                                                                                                                                                                                               ]
[                                                                                                                                                                                                                                                               ]
[                                                                                                                                                                                                                                                               ]
[                                                                                                                                                                                                                                                               ]
[                                                                                                                                                                                                                                                               ]
[                                                                                                                                                                                                                                                               ]
[                                                                                                                                                                                                                                                               ]
[                                                                                                                                                                                                                                                               ]
[                                                                                                                                                                                                                                                               ]
[                                                                                                                                                                                                                                                               ]
[                                                                                                                                                                                                                                                               ]
[                                                                                                                                                                                                                                                               ]
[                                                                                                                                                                                                                                                               ]
[                                                                                                                                                                                                                                                               ]
[                                                                                                                                                                                                                                                               ]
[                                                                                                                                                                                                                                                               ]
[                                                                                                                                                                                                                                                               ]
[                                                                                                                                                                                                                                                               ]
[                                                                                                                                                                                                                                                               ]
[                                                                                                                                                                                                                                                               ]
[                                                                                                                                                                                                                                                               ]
